label: "FPV"
id: 412eab8e4058621f7036b5e765dfe812
cameras:
- camera:
    label: cam0
    id: 54812562fa109c40fe90b29a59dd7798
    line-delay-nanoseconds: 0
    image_height: 480
    image_width: 640
    type: pinhole
    intrinsics:
      cols: 1
      rows: 4
      data: [293.4251242832143, 292.2823698601686, 320.1389618713701, 227.47257460399686]
    distortion:
      type: radial-tangential
      parameters:
        cols: 1
        rows: 4
        data: [-0.22419635003297944, 0.03264223569157577, 0.004504270837188035, -0.0003747039788093623]
  T_B_C:
    cols: 4
    rows: 4
    # data: [-0.014313388069422783, -0.9998856031246824, 0.004889538419925676, 0.030131828800070756,
    #        0.05883565586188222, -0.005723780309061566, -0.998251272945981, -0.027402845597711143,
    #        0.9981650627633047, -0.014000678660672894, 0.05891085193548229, -0.00558959059805099,
    #        0.0, 0.0, 0.0, 1.0]
    data: [-0.0143133880694228,  0.0588356558618825,  0.998165062763309, 0.00762288700220483,
           -0.999885603124687,  -0.00572378030906160,  -0.0140006786606730, 0.0298932758831561,
           0.00488953841992569, -0.998251272945985,  0.0589108519354824,  -0.0271729686907363,
           0.0, 0.0, 0.0, 1.0]
- camera:
    label: cam1
    id: 54812562fa109c40fe90b29a59dd7723
    line-delay-nanoseconds: 0
    image_height: 480
    image_width: 640
    type: pinhole
    intrinsics:
      cols: 1
      rows: 4
      data: [290.8981174305686, 290.61384129053255, 301.42227662573396, 222.30482071926536]
    distortion:
      type: radial-tangential
      parameters:
        cols: 1
        rows: 4
        data: [-0.22062985473379657, 0.030849475506440915, 0.004384150330960715, 0.0023890222816130603]
  T_B_C:
    cols: 4
    rows: 4
    # data: [0.04747311854854214, -0.9988572952954891, -0.005514222543270497, -0.049310712872283016,
    #        0.05423275246297604, 0.008089768777190365, -0.9984955504164361, -0.027306998309863592,
    #        0.9973991736389027, 0.04710264616889637, 0.054554826993787914, -0.005196780675202448,
    #        0.0, 0.0, 0.0, 1.0]
    data: [0.0474731185485422, 0.0542327524629761,  0.997399173638902, 0.00900513174877429,
           -0.998857295295489,  0.00808976877719030, 0.0471026461688963,  -0.0487886758650137,
           -0.00551422254327056,  -0.998495550416436,  0.0545548269937878,  -0.0272543170815127,
           0.0, 0.0, 0.0, 1.0]
imu_params:
  delay_imu_cam: 0.0
  max_imu_delta_t: 0.01
  acc_max: 176.0
  omega_max: 7.8
  sigma_omega_c: 12.0e-4
  sigma_acc_c: 8.0e-3
  sigma_omega_bias_c: 2.0e-5
  sigma_acc_bias_c: 5.5e-5
  sigma_integration: 0.0
  g: 9.8082
  imu_rate: 500

imu_initialization:
  velocity: [0.0, 0, 0.0]
  omega_bias: [0.0, 0, 0.0]
  acc_bias: [0.0, 0.0, 0.0]
  velocity_sigma: 2.0
  omega_bias_sigma: 0.01
  acc_bias_sigma: 0.1
